0.0   -0.0
0.00015625   -1.9711750161e-07
0.0003125   -1.32391797721e-06
0.00046875   -3.16305001873e-06
0.000625   -3.7132215559e-06
0.00078125   5.99166660113e-07
0.0009375   1.38141548057e-05
0.00109375   3.87185720012e-05
0.00125   7.50522708267e-05
0.00140625   0.000118287238041
0.0015625   0.000159537017757
0.00171875   0.0001868771409
0.001875   0.000187957984442
0.00203125   0.000153374743607
0.0021875   7.99441472235e-05
0.00234375   -2.70742267868e-05
0.0025   -0.000153627669577
0.00265625   -0.000278812200594
0.0028125   -0.000378963530207
0.00296875   -0.000433152160952
0.003125   -0.000428853555976
0.00328125   -0.000366339236107
0.0034375   -0.000260457867031
0.00359375   -0.000138956497647
0.00375   -3.72511625609e-05
0.00390625   9.56502176589e-06
0.0040625   -2.4106116531e-05
0.00421875   -0.000146102471003
0.004375   -0.000341288564932
0.00453125   -0.000571089036991
0.0046875   -0.00077855329889
0.00484375   -0.000898533359199
0.005   -0.000871312719065
0.00515625   -0.00065702462366
0.0053125   -0.000247699812971
0.00546875   0.000326046818413
0.005625   0.000995816057976
0.00578125   0.00166440253127
0.0059375   0.00222190911253
0.00609375   0.00256628136321
0.00625   0.00262430999606
0.00640625   0.00236866594881
0.0065625   0.0018269755192
0.00671875   0.00108029601728
0.006875   0.000250397672304
0.00703125   -0.000522392433006
0.0071875   -0.00110685920475
0.00734375   -0.00140865176204
0.0075   -0.00139222889051
0.00765625   -0.00109187198584
0.0078125   -0.000608560730945
0.00796875   -9.22619262172e-05
0.008125   0.000287753800212
0.00828125   0.000379208748106
0.0084375   8.25527911299e-05
0.00859375   -0.000621476839055
0.00875   -0.0016589488269
0.00890625   -0.00286838313831
0.0090625   -0.00402526435694
0.00921875   -0.00488183343172
0.009375   -0.00521513538609
0.00953125   -0.00487408833286
0.0096875   -0.00381588915546
0.00984375   -0.00212359211063
0.01   -5.60590491791e-18
0.01015625   0.00226247690171
0.0103125   0.00433146790391
0.01046875   0.00589502403107
0.010625   0.00672125707179
0.01078125   0.00670523487223
0.0109375   0.00589302915446
0.01109375   0.00447687898154
0.01125   0.00276096021877
0.01140625   0.00110319021706
0.0115625   -0.000156343399009
0.01171875   -0.000766456670494
0.011875   -0.000620935480909
0.01203125   0.000212635016056
0.0121875   0.00149861595256
0.01234375   0.00287433130803
0.0125   0.00391991675039
0.01265625   0.00424435840495
0.0128125   0.00357111333531
0.01296875   0.0018058933574
0.013125   -0.000928137117913
0.01328125   -0.00429671569203
0.0134375   -0.00780347250638
0.01359375   -0.0108741441328
0.01375   -0.0129611712585
0.01390625   -0.013649028423
0.0140625   -0.012739527654
0.01421875   -0.0102993321911
0.014375   -0.00665859940554
0.01453125   -0.00235887111877
0.0146875   0.00194168548896
0.01484375   0.00558877669598
0.015   0.00805549677881
0.01515625   0.00904460404973
0.0153125   0.00854854654184
0.01546875   0.00685379352042
0.015625   0.00448659083697
0.01578125   0.00210882735755
0.0159375   0.000383006419653
0.01609375   -0.000167749754576
0.01625   0.00072330470921
0.01640625   0.00299705165667
0.0165625   0.0062625450501
0.01671875   0.00985855737287
0.016875   0.0129733107619
0.01703125   0.0148010742691
0.0171875   0.01470607402
0.01734375   0.0123614721916
0.0175   0.00783477409551
0.01765625   0.00160044713853
0.0178125   -0.00552586715529
0.01796875   -0.0125219355136
0.018125   -0.0183387893823
0.01828125   -0.0220925545297
0.0184375   -0.0232313859811
0.01859375   -0.0216442172412
0.01875   -0.0176883002342
0.01890625   -0.0121276760105
0.0190625   -0.005991948882
0.01921875   -0.000380703321512
0.019375   0.00374959538974
0.01953125   0.00577476366715
0.0196875   0.00553009290292
0.01984375   0.00334858710661
0.02   1.79334625319e-17
0.02015625   -0.00346025670128
0.0203125   -0.00590510323753
0.02046875   -0.00637207527552
0.020625   -0.00427550682945
0.02078125   0.000448593441339
0.0209375   0.00729634890847
0.02109375   0.015261462538
0.02125   0.0230036757244
0.02140625   0.0290910063796
0.0215625   0.0322710088389
0.02171875   0.0317190696184
0.021875   0.0272145070593
0.02203125   0.0192077508431
0.0221875   0.00876198281465
0.02234375   -0.00262339452961
0.0225   -0.0132768254319
0.02265625   -0.0216576042043
0.0228125   -0.0266402426737
0.02296875   -0.0277246753228
0.023125   -0.0251297573395
0.02328125   -0.0197491951782
0.0234375   -0.012975427596
0.02359375   -0.00642300087931
0.02375   -0.00160353374352
0.02390625   0.000384745792793
0.0240625   -0.000908902640218
0.02421875   -0.00517842730181
0.024375   -0.0114016365926
0.02453125   -0.0180271094622
0.0246875   -0.0232747154011
0.02484375   -0.0254937419562
0.025   -0.0235096128408
0.02515625   -0.0168903465754
0.0253125   -0.00607758814986
0.02546875   0.00764806452267
0.025625   0.0223661917191
0.02578125   0.035846725723
0.0259375   0.0459512261598
0.02609375   0.0510297748934
0.02625   0.0502367874614
0.02640625   0.0437027538651
0.0265625   0.0325252825998
0.02671875   0.0185770012763
0.026875   0.00416338357107
0.02703125   -0.00840648311788
0.0271875   -0.0172547952977
0.02734375   -0.0212912684823
0.0275   -0.0204198490882
0.02765625   -0.0155526796169
0.0278125   -0.00842484145808
0.02796875   -0.00124229090127
0.028125   0.00377111951118
0.02828125   0.00484026400781
0.0284375   0.00102694042212
0.02859375   -0.00753930759656
0.02875   -0.019637776598
0.02890625   -0.033151195065
0.0290625   -0.0454464184585
0.02921875   -0.053871998605
0.029375   -0.0562786694233
0.02953125   -0.0514617992827
0.0296875   -0.0394374020353
0.02984375   -0.0214933961107
0.03   -2.90820300371e-16
0.03015625   0.021990492722
0.0303125   0.0412827477946
0.03046875   0.0551158579632
0.030625   0.0616691728744
0.03078125   0.0603979142315
0.0309375   0.0521309195277
0.03109375   0.0389076109333
0.03125   0.0235814547896
0.03140625   0.00926310022217
0.0315625   -0.00129098429043
0.03171875   -0.00622587253191
0.031875   -0.00496320329897
0.03203125   0.00167294348844
0.0321875   0.0116089243112
0.03234375   0.021928771456
0.0325   0.0294609992774
0.03265625   0.0314332922869
0.0328125   0.0260675094665
0.03296875   0.0129961274227
0.033125   -0.00658665492365
0.03328125   -0.0300761642794
0.0334375   -0.0538897591979
0.03359375   -0.0741041915488
0.03375   -0.087179749574
0.03390625   -0.0906334874393
0.0340625   -0.083530567177
0.03421875   -0.0666950541317
0.034375   -0.0425936675282
0.03453125   -0.0149082602913
0.0346875   0.012126716532
0.03484375   0.0344986180893
0.035   0.0491558238808
0.03515625   0.0545688984337
0.0353125   0.0510028410148
0.03546875   0.0404437411693
0.035625   0.0261893714347
0.03578125   0.0121788535714
0.0359375   0.0021887446917
0.03609375   -0.00094872423548
0.03625   0.00404904261453
0.03640625   0.0166088939407
0.0365625   0.0343616384125
0.03671875   0.0535639540571
0.036875   0.0698079331472
0.03703125   0.0788858417698
0.0371875   0.0776444433877
0.03734375   0.0646615901522
0.0375   0.0406086728657
0.03765625   0.00822057582587
0.0378125   -0.0281307486264
0.03796875   -0.0631862451646
0.038125   -0.0917363037374
0.03828125   -0.10956812886
0.0384375   -0.114242692232
0.03859375   -0.10554957808
0.03875   -0.0855475168361
0.03890625   -0.0581768307199
0.0390625   -0.0285125022953
0.03921875   -0.00179717926321
0.039375   0.0175617803797
0.03953125   0.0268373013074
0.0396875   0.0255033858747
0.03984375   0.0153259472701
0.04   1.62929210824e-16
0.04015625   -0.0156023582415
0.0403125   -0.0264316247789
0.04046875   -0.028315766622
0.040625   -0.0188634894183
0.04078125   0.00196521298963
0.0409375   0.031740897751
0.04109375   0.0659326708339
0.04125   0.0987020174111
0.04140625   0.123977990183
0.0415625   0.136611615719
0.04171875   0.13338788181
0.041875   0.113696817397
0.04203125   0.0797272437331
0.0421875   0.0361364095674
0.04234375   -0.0107509791371
0.0425   -0.054069131433
0.04265625   -0.0876525849121
0.0428125   -0.107156766593
0.04296875   -0.110841517815
0.043125   -0.0998632871259
0.04328125   -0.0780144534163
0.0434375   -0.0509543826783
0.04359375   -0.0250759675627
0.04375   -0.00622419084164
0.04390625   0.00148487044722
0.0440625   -0.00348791855579
0.04421875   -0.0197608280214
0.044375   -0.0432669557574
0.04453125   -0.0680331144849
0.0446875   -0.0873587868799
0.04484375   -0.0951713515894
0.045   -0.0872952639124
0.04515625   -0.0623846990631
0.0453125   -0.0223298870995
0.04546875   0.0279539781528
0.045625   0.081328298736
0.04578125   0.129681231755
0.0459375   0.165395174026
0.04609375   0.182754158994
0.04625   0.179020535083
0.04640625   0.154969545035
0.0465625   0.11477150806
0.04671875   0.0652353026463
0.046875   0.0145500966703
0.04703125   -0.0292391154282
0.0471875   -0.0597321160689
0.04734375   -0.0733610160421
0.0475   -0.0700324449165
0.04765625   -0.0530947934163
0.0478125   -0.0286302496576
0.04796875   -0.00420261768334
0.048125   0.0127003680421
0.04828125   0.0162285794285
0.0484375   0.00342797722669
0.04859375   -0.0250565294637
0.04875   -0.0649821195173
0.04890625   -0.109226484355
0.0490625   -0.149097557437
0.04921875   -0.175991110108
0.049375   -0.183080761682
0.04953125   -0.166712961946
0.0496875   -0.127230804699
0.04984375   -0.0690561656382
0.05   3.01437103862e-16
0.05015625   0.0700809674653
0.0503125   0.131035091446
0.05046875   0.174245910798
0.050625   0.194193227586
0.05078125   0.189443882162
0.0509375   0.162876825432
0.05109375   0.121092194571
0.05125   0.0731108940494
0.05140625   0.0286094726881
0.0515625   -0.00397217477971
0.05171875   -0.0190841697623
0.051875   -0.0151569689533
0.05203125   0.00509002901622
0.0521875   0.0351909464626
0.05234375   0.0662314693313
0.0525   0.088658356558
0.05265625   0.094252968723
0.0528125   0.077884023515
0.05296875   0.0386916312834
0.053125   -0.0195403645852
0.05328125   -0.0889129802973
0.0534375   -0.158757442602
0.05359375   -0.217553357564
0.05375   -0.25506079217
0.05390625   -0.264260119819
0.0540625   -0.242724083804
0.05421875   -0.193150174983
0.054375   -0.122939080863
0.05453125   -0.0428868979722
0.0546875   0.034769849761
0.05484375   0.0985898647036
0.055   0.140018520738
0.05515625   0.154933191054
0.0553125   0.144341478975
0.05546875   0.114091747341
0.055625   0.0736448917198
0.05578125   0.0341387030812
0.0559375   0.00611599444765
0.05609375   -0.00264272241544
0.05625   0.0112437605485
0.05640625   0.0459785903312
0.0565625   0.0948314561829
0.05671875   0.147374594126
0.056875   0.191484638023
0.05703125   0.215732225599
0.0571875   0.211699916934
0.05734375   0.175775560104
0.0575   0.110062678668
0.05765625   0.0222146755835
0.0578125   -0.0757953698497
0.05796875   -0.169751921338
0.058125   -0.245737356359
0.05828125   -0.292657010799
0.0584375   -0.304266912768
0.05859375   -0.280311684751
0.05875   -0.226546428966
0.05890625   -0.153628439587
0.0590625   -0.0750818908542
0.05921875   -0.00471928341018
0.059375   0.0459879876126
0.05953125   0.0700829297731
0.0596875   0.066416358393
0.05984375   0.0398028851068
0.06   1.8571832502e-15
0.06015625   -0.0403009983822
0.0603125   -0.0680891025546
0.06046875   -0.0727471845825
0.060625   -0.0483336815517
0.06078125   0.00502207557739
0.0609375   0.0808992195489
0.06109375   0.167603457333
0.06125   0.250248291561
0.06140625   0.31351477961
0.0615625   0.344567949801
0.06171875   0.335569808216
0.061875   0.285298465007
0.06203125   0.199548199531
0.0621875   0.0902155198461
0.06234375   -0.0267722374668
0.0625   -0.134304814424
0.06265625   -0.21717885824
0.0628125   -0.264842747539
0.06296875   -0.273269775179
0.063125   -0.245595596606
0.06328125   -0.191390445181
0.0634375   -0.124698727242
0.06359375   -0.0612178748928
0.06375   -0.0151582216936
0.06390625   0.00360747561258
0.0640625   -0.00845347543521
0.06421875   -0.0477785322002
0.064375   -0.104363167007
0.06453125   -0.163711429775
0.0646875   -0.209718831322
0.06484375   -0.227936387029
0.065   -0.20858306859
0.06515625   -0.148713952407
0.0653125   -0.0531067460306
0.06546875   0.0663285568313
0.065625   0.192529180805
0.06578125   0.306290901577
0.0659375   0.389749889651
0.06609375   0.429675606654
0.06625   0.419943213032
0.06640625   0.362703999637
0.0665625   0.268016968971
0.06671875   0.151997697352
0.066875   0.0338259653383
0.06703125   -0.0678238402323
0.0671875   -0.138249531332
0.06734375   -0.169419144667
0.0675   -0.16137696305
0.06765625   -0.12207956562
0.0678125   -0.065685364991
0.06796875   -0.00962098253082
0.068125   0.0290118546344
0.06828125   0.0369915803219
0.0684375   0.00779699073211
0.06859375   -0.0568696036034
0.06875   -0.147172545386
0.06890625   -0.246852737625
0.0690625   -0.336248977858
0.06921875   -0.396063647201
0.069375   -0.41115359805
0.06953125   -0.373612312284
0.0696875   -0.284536364712
0.06984375   -0.154114993468
0.07   3.41515694978e-15
0.07015625   0.155756422132
0.0703125   0.290629668855
0.07046875   0.385677676784
0.070625   0.428951959097
0.07078125   0.417610002848
0.0709375   0.358317791341
0.07109375   0.265856329689
0.07125   0.160190851841
0.07140625   0.0625594882293
0.0715625   -0.00866846764322
0.07171875   -0.0415643322431
0.071875   -0.0329455172881
0.07203125   0.0110418925313
0.0721875   0.0761897104188
0.07234375   0.14311155098
0.0725   0.191195505646
0.07265625   0.202863307615
0.0728125   0.167305430628
0.07296875   0.0829534789603
0.073125   -0.0418127583856
0.07328125   -0.189890212601
0.0734375   -0.338403936104
0.07359375   -0.462842914751
0.07375   -0.541602486409
0.07390625   -0.560067361308
0.0740625   -0.513447156397
0.07421875   -0.40780708555
0.074375   -0.259077032581
0.07453125   -0.0902080654057
0.0746875   0.0729974688556
0.07484375   0.206596976487
0.075   0.29286421577
0.07515625   0.323457209022
0.0753125   0.30078588718
0.07546875   0.237310439137
0.075625   0.152898737321
0.07578125   0.0707472042456
0.0759375   0.0126512271691
0.07609375   -0.00545660760581
0.07625   0.0231734473602
0.07640625   0.094589918515
0.0765625   0.194739478409
0.07671875   0.302091713813
0.076875   0.391802266304
0.07703125   0.440622868591
0.0771875   0.431612360594
0.07734375   0.35772970808
0.0775   0.223594988965
0.07765625   0.0450494564784
0.0778125   -0.153434122789
0.07796875   -0.343024993081
0.078125   -0.495696792132
0.07828125   -0.589304527152
0.0784375   -0.611608529391
0.07859375   -0.562470815981
0.07875   -0.453793228268
0.07890625   -0.30719659891
0.0790625   -0.149873883091
0.07921875   -0.00940404628536
0.079375   0.091481440917
0.07953125   0.13917225639
0.0796875   0.131664662493
0.07984375   0.0787706416104
0.08   1.66739961057e-15
0.08015625   -0.0794845321027
0.0803125   -0.134062010125
0.08046875   -0.142990590552
0.080625   -0.094843186763
0.08078125   0.00983798879625
0.0809375   0.158210769189
0.08109375   0.327223972995
0.08125   0.487759209792
0.08140625   0.610051314083
0.0815625   0.669358802044
0.08171875   0.650795408465
0.081875   0.552382959316
0.08203125   0.385717738499
0.0821875   0.174094770854
0.08234375   -0.0515790705132
0.0825   -0.258325027574
0.08265625   -0.417042374994
0.0828125   -0.507738534158
0.08296875   -0.523039746916
0.083125   -0.469306278412
0.08328125   -0.36513239505
0.0834375   -0.23751337873
0.08359375   -0.116413100936
0.08375   -0.0287786893318
0.08390625   0.00683796532806
0.0840625   -0.0159978306325
0.08421875   -0.090273956478
0.084375   -0.196871273377
0.08453125   -0.30833375565
0.0846875   -0.394355592597
0.08484375   -0.427931505926
0.085   -0.390976985333
0.08515625   -0.278315183101
0.0853125   -0.0992314665238
0.08546875   0.123741758386
0.085625   0.358616104181
0.08578125   0.569621371586
0.0859375   0.723700024443
0.08609375   0.796590525852
0.08625   0.777335123165
0.08640625   0.670339454123
0.0865625   0.494573515999
0.08671875   0.280048408892
0.086875   0.0622264799136
0.08703125   -0.124576961443
0.0871875   -0.253542476865
0.08734375   -0.310229162647
0.0875   -0.295050334758
0.08765625   -0.222860623224
0.0878125   -0.119728108197
0.08796875   -0.0175099700653
0.088125   0.0527207128362
0.08828125   0.0671196665314
0.0884375   0.01412590753
0.08859375   -0.10287581345
0.08875   -0.265830567502
0.08890625   -0.445207415294
0.0890625   -0.605526310375
0.08921875   -0.71217365478
0.089375   -0.738201897459
0.08953125   -0.669797679969
0.0896875   -0.509345980937
0.08984375   -0.275469730799
0.09   -1.1096785302e-14
0.09015625   0.277578882801
0.0903125   0.517175537508
0.09046875   0.685300909013
0.090625   0.761071472673
0.09078125   0.739858827758
0.0909375   0.633882423204
0.09109375   0.46962466068
0.09125   0.282557167804
0.09140625   0.110186326075
0.0915625   -0.0152455784588
0.09171875   -0.0729945771901
0.091875   -0.057774405304
0.09203125   0.0193354005705
0.0921875   0.13322251277
0.09234375   0.24987842213
0.0925   0.333353973554
0.09265625   0.353188427513
0.0928125   0.290863426506
0.09296875   0.14400941957
0.093125   -0.0724842130588
0.09328125   -0.328712783558
0.0934375   -0.584965033615
0.09359375   -0.798931760302
0.09375   -0.933553803302
0.09390625   -0.96401250982
0.0940625   -0.882516674934
0.09421875   -0.699951179027
0.094375   -0.444046814453
0.09453125   -0.154394959546
0.0946875   0.124762621191
0.09484375   0.352606748882
0.095   0.499141825577
0.09515625   0.550511633703
0.0953125   0.511210949751
0.09546875   0.402766710774
0.095625   0.259140718916
0.09578125   0.119739398989
0.0959375   0.0213824501345
0.09609375   -0.00920970130941
0.09625   0.0390582206484
0.09640625   0.159208636271
0.0965625   0.327323137232
0.09671875   0.507064739309
0.096875   0.656741403286
0.09703125   0.737561594791
0.0971875   0.72148929493
0.09734375   0.597168273802
0.0975   0.37274379583
0.09765625   0.0749972752335
0.0978125   -0.255085859749
0.09796875   -0.569507723944
0.098125   -0.82186465845
0.09828125   -0.975742520568
0.0984375   -1.01130266613
0.09859375   -0.928796739199
0.09875   -0.748329158458
0.09890625   -0.505901449013
0.0990625   -0.246485418752
0.09921875   -0.0154453114365
0.099375   0.150048765715
0.09953125   0.227966218023
0.0996875   0.215380471094
0.09984375   0.128683127889
0.1   7.34620381283e-15
0.10015625   -0.129503855333
0.1003125   -0.218136585021
0.10046875   -0.232355950695
0.100625   -0.153913558391
0.10078125   0.0159441843242
0.1009375   0.256069646999
0.10109375   0.528924986957
0.10125   0.787376024874
0.10140625   0.983493821964
0.1015625   1.07768944194
0.10171875   1.04642793508
0.101875   0.887025537451
0.10203125   0.618581996384
0.1021875   0.27883417836
0.10234375   -0.0825025185165
0.1025   -0.412661914258
0.10265625   -0.665339165798
0.1028125   -0.808981920602
0.10296875   -0.832280949483
0.103125   -0.745811325144
0.10328125   -0.579510219719
0.1034375   -0.376476355828
0.10359375   -0.184285492858
0.10375   -0.0454988822302
0.10390625   0.0107968681179
0.1040625   -0.0252274839496
0.10421875   -0.142173290439
0.104375   -0.309657305772
0.10453125   -0.484355505761
0.1046875   -0.618694280006
0.10484375   -0.670514270053
0.105   -0.611830829641
0.10515625   -0.434974896407
0.1053125   -0.15489042141
0.10546875   0.19290345917
0.105625   0.558345244227
0.10578125   0.885746255679
0.1059375   1.12391215183
0.10609375   1.23555008648
0.10625   1.20416404297
0.10640625   1.03711040682
0.1065625   0.764213338902
0.10671875   0.432186412452
0.106875   0.0959109445435
0.10703125   -0.191772482938
0.1071875   -0.389812350956
0.10734375   -0.476370082883
0.1075   -0.452496934023
0.10765625   -0.341358889164
0.1078125   -0.18316100408
0.10796875   -0.0267535851059
0.108125   0.0804522534201
0.10828125   0.102298142389
0.1084375   0.0215028484691
0.10859375   -0.156406663832
0.10875   -0.403654573291
0.10890625   -0.675197751236
0.1090625   -0.917203921012
0.10921875   -1.07741674095
0.109375   -1.11542030196
0.10953125   -1.01081862914
0.1096875   -0.767731443194
0.10984375   -0.414703601589
0.11   1.4401955212e-14
0.11015625   0.41685708517
0.1103125   0.775725549582
0.11046875   1.02664762532
0.110625   1.13877031588
0.11078125   1.10568333641
0.1109375   0.946155320077
0.11109375   0.700127362523
0.11125   0.420731978321
0.11140625   0.163870408485
0.1115625   -0.0226459727965
0.11171875   -0.108296023269
0.111875   -0.0856116423331
0.11203125   0.0286171607555
0.1121875   0.196937129836
0.11234375   0.368940165986
0.1125   0.49159856269
0.11265625   0.520223298823
0.1128125   0.427908972765
0.11296875   0.211608299194
0.113125   -0.106381305878
0.11328125   -0.48185807975
0.1134375   -0.856473024031
0.11359375   -1.16835618905
0.11375   -1.36360092642
0.11390625   -1.40641510552
0.1140625   -1.28598898101
0.11421875   -1.01874644473
0.114375   -0.645522964578
0.11453125   -0.224182231144
0.1146875   0.180941521295
0.11484375   0.51077612574
0.115   0.72218871279
0.11515625   0.795573920333
0.1153125   0.737907670645
0.11546875   0.580689295928
0.115625   0.37317695641
0.11578125   0.172228757807
0.1159375   0.0307196332495
0.11609375   -0.0132158345123
0.11625   0.0559825286532
0.11640625   0.227928277614
0.1165625   0.468058717727
0.11671875   0.724235163072
0.116875   0.93692249637
0.11703125   1.0509962099
0.1171875   1.02689689236
0.11734375   0.848962041731
0.1175   0.529294122142
0.11765625   0.10637210044
0.1178125   -0.361380517592
0.11796875   -0.805887772259
0.118125   -1.16164210229
0.11828125   -1.37754201019
0.1184375   -1.42609627469
0.11859375   -1.30823852568
0.11875   -1.0528293029
0.11890625   -0.710936392435
0.1190625   -0.345984037686
0.11921875   -0.021655189301
0.119375   0.21013514938
0.11953125   0.318888020623
0.1196875   0.300937243965
0.11984375   0.179594735151
0.12   1.66895717908e-14
0.12015625   -0.180327034431
0.1203125   -0.303396400152
0.12046875   -0.322804770578
0.120625   -0.213583507266
0.12078125   0.0221003060343
0.1209375   0.354535464547
0.12109375   0.731478757734
0.12125   1.0876679317
0.12140625   1.35704023586
0.1215625   1.4853271288
0.12171875   1.44060743116
0.121875   1.21977781837
0.12203125   0.849670628926
0.1221875   0.382567873137
0.12234375   -0.113067890922
0.1225   -0.564906409368
0.12265625   -0.909778487581
0.1228125   -1.10494911849
0.12296875   -1.13549371571
0.123125   -1.01637856546
0.12328125   -0.788859734547
0.1234375   -0.511904542734
0.12359375   -0.250296878313
0.12375   -0.0617274642795
0.12390625   0.0146315166582
0.1240625   -0.0341491377043
0.12421875   -0.192237665351
0.124375   -0.418231630085
0.12453125   -0.653454371157
0.1246875   -0.833763763436
0.12484375   -0.902591486574
0.125   -0.822680605861
0.12515625   -0.584226416459
0.1253125   -0.207806463217
0.12546875   0.25851895638
0.125625   0.747435090425
0.12578125   1.18440072003
0.1259375   1.50120765701
0.12609375   1.64849720295
0.12625   1.60484596981
0.12640625   1.38067963914
0.1265625   1.01625606889
0.12671875   0.574090868185
0.126875   0.127262095137
0.12703125   -0.254178575048
0.1271875   -0.516095852803
0.12734375   -0.630001743449
0.1275   -0.597772296329
0.12765625   -0.450458307313
0.1278125   -0.241434878085
0.12796875   -0.0352267808572
0.128125   0.105816532064
0.12828125   0.134402628864
0.1284375   0.0282202642693
0.12859375   -0.205043383754
0.12875   -0.528598794713
0.12890625   -0.883229199151
0.1290625   -1.19849113999
0.12921875   -1.40630490419
0.129375   -1.45432514986
0.12953125   -1.31650876144
0.1296875   -0.998821170001
0.12984375   -0.538945013203
0.13   -2.54252589389e-15
0.13015625   0.540569263526
0.1303125   1.00485066306
0.13046875   1.3284476358
0.130625   1.47193663317
0.13078125   1.42762458665
0.1309375   1.22032722987
0.13109375   0.902031827688
0.13125   0.541478986584
0.13140625   0.210672682196
0.1315625   -0.0290824238671
0.13171875   -0.138926272534
0.131875   -0.109707743433
0.13203125   0.0366322756464
0.1321875   0.251824616668
0.13234375   0.471259433582
0.1325   0.627261425237
0.13265625   0.663073922482
0.1328125   0.544826257769
0.13296875   0.26913744987
0.133125   -0.135158033387
0.13328125   -0.611548790631
0.1334375   -1.08582886258
0.13359375   -1.47964996696
0.13375   -1.72507249079
0.13390625   -1.77733880756
0.1340625   -1.62341998903
0.13421875   -1.28468598896
0.134375   -0.813167693429
0.13453125   -0.282102828166
0.1346875   0.227448260087
0.13484375   0.641377016156
0.135   0.905883215327
0.13515625   0.996875810177
0.1353125   0.923638093351
0.13546875   0.726077886806
0.135625   0.466116065299
0.13578125   0.214894386125
0.1359375   0.038289161622
0.13609375   -0.0164548956628
0.13625   0.0696296226644
0.13640625   0.283192016828
0.1365625   0.580931170315
0.13671875   0.897936789877
0.136875   1.1604112124
0.13703125   1.3003245493
0.1371875   1.26917083567
0.13734375   1.04815236333
0.1375   0.652794345781
0.13765625   0.131054060448
0.1378125   -0.444765589134
0.13796875   -0.990797654059
0.138125   -1.42668129811
0.13828125   -1.69006713531
0.1384375   -1.74780383603
0.13859375   -1.60168007139
0.13875   -1.28763286106
0.13890625   -0.86858102444
0.1390625   -0.422261425513
0.13921875   -0.0264017878933
0.139375   0.255927121351
0.13953125   0.387973726975
0.1396875   0.365752076836
0.13984375   0.218047673377
0.14   1.47202916744e-14
0.14015625   -0.218480868665
0.1403125   -0.3672068017
0.14046875   -0.390290694697
0.140625   -0.257967006007
0.14078125   0.0266650971315
0.1409375   0.42732001472
0.14109375   0.880732798386
0.14125   1.30824145912
0.14140625   1.63054831445
0.1415625   1.78284116397
0.14171875   1.72737253589
0.141875   1.46107038271
0.14203125   1.01669639305
0.1421875   0.457298385091
0.14234375   -0.135014738255
0.1425   -0.673859455516
0.14265625   -1.08412571044
0.1428125   -1.31533880945
0.14296875   -1.35030439063
0.143125   -1.2074085522
0.14328125   -0.936161028946
0.1434375   -0.606864850129
0.14359375   -0.296422301709
0.14375   -0.0730275162994
0.14390625   0.0172922019591
0.1440625   -0.0403175154512
0.14421875   -0.226728322211
0.144375   -0.492762489742
0.14453125   -0.769112220234
0.1446875   -0.980327848232
0.14484375   -1.06016542305
0.145   -0.965312521899
0.14515625   -0.684813551227
0.1453125   -0.24333516641
0.14546875   0.30240786721
0.145625   0.873432268258
0.14578125   1.38264173545
0.1459375   1.75068177446
0.14609375   1.9204821883
0.14625   1.86771773234
0.14640625   1.60519134695
0.1465625   1.18030223692
0.14671875   0.666081066719
0.146875   0.147503414473
0.14703125   -0.294305705219
0.1471875   -0.596962465008
0.14734375   -0.727973383654
0.1475   -0.690028143351
0.14765625   -0.519449182797
0.1478125   -0.278128886425
0.14796875   -0.0405393554605
0.148125   0.121650912787
0.14828125   0.154357504049
0.1484375   0.0323772058088
0.14859375   -0.23500793322
0.14875   -0.605231566895
0.14890625   -1.01024713188
0.1490625   -1.36945575316
0.14921875   -1.60528371542
0.149375   -1.65841461508
0.14953125   -1.49973597325
0.1496875   -1.13668048939
0.14984375   -0.612709895071
0.15   -2.70089501332e-14
0.15015625   0.613312463808
0.1503125   1.13891732567
0.15046875   1.50416508247
0.150625   1.66494815272
0.15078125   1.61319291419
0.1509375   1.37755651328
0.15109375   1.01722252114
0.15125   0.610009840819
0.15140625   0.237096275375
0.1515625   -0.0326970463884
0.15171875   -0.156035661259
0.151875   -0.123094447657
0.15203125   0.041060753919
0.1521875   0.281983164217
0.15234375   0.527165729258
0.1525   0.700967597325
0.15265625   0.74024195327
0.1528125   0.607620327977
0.15296875   0.299854829085
0.153125   -0.150432460421
0.15328125   -0.679976206525
0.1534375   -1.20611029421
0.15359375   -1.64190413442
0.15375   -1.91231507219
0.15390625   -1.96827482224
0.1540625   -1.79601492286
0.15421875   -1.41984095657
0.154375   -0.897814487368
0.15453125   -0.311155751764
0.1546875   0.25062075318
0.15484375   0.706011768352
0.155   0.996173562002
0.15515625   1.09513641988
0.1553125   1.01366273164
0.15546875   0.796048346532
0.155625   0.510522641746
0.15578125   0.235131501745
0.1559375   0.0418529933279
0.15609375   -0.0179684587339
0.15625   0.0759582355529
0.15640625   0.308622133907
0.1565625   0.632464397477
0.15671875   0.97661324987
0.156875   1.26082353393
0.15703125   1.4114314658
0.1571875   1.3762389943
0.15734375   1.13543958756
0.1575   0.706450819482
0.15765625   0.141684408113
0.1578125   -0.480362262417
0.15796875   -1.06902752617
0.158125   -1.53779057043
0.15828125   -1.81987089249
0.1584375   -1.88016427341
0.15859375   -1.72125594387
0.15875   -1.38238302432
0.15890625   -0.931565555646
0.1590625   -0.45242992524
0.15921875   -0.0282598701613
0.159375   0.273665549043
0.15953125   0.414451014025
0.1596875   0.390323628517
0.15984375   0.23246454692
0.16   9.79716493193e-15
0.16015625   -0.232462750974
0.1603125   -0.390317597505
0.16046875   -0.414441408322
0.160625   -0.273657092078
0.16078125   0.0282587785333
0.1609375   0.45240895335
0.16109375   0.931515176902
0.16125   1.38229758544
0.16140625   1.72113626243
0.1615625   1.88001901653
0.16171875   1.81971623298
0.161875   1.53764800157
0.16203125   1.06892015647
0.1621875   0.480310304701
0.16234375   -0.141667988213
0.1625   -0.706363489468
0.16265625   -1.13529045262
0.1628125   -1.37604759602
0.16296875   -1.41122426535
0.163125   -1.26062869864
0.16328125   -0.976454785499
0.1634375   -0.632356885884
0.16359375   -0.30856728618
0.16375   -0.0759441492366
0.16390625   0.0179649876098
0.1640625   -0.0418445846528
0.16421875   -0.235082443606
0.164375   -0.510412178272
0.16453125   -0.795869947426
0.1646875   -1.01342772511
0.16484375   -1.09487405514
0.165   -0.995927201374
0.16515625   -0.705831705824
0.1653125   -0.250554895724
0.16546875   0.311071579923
0.165625   0.897564670135
0.16578125   1.41943489916
0.1659375   1.79548738615
0.16609375   1.96768145576
0.16625   1.91172377472
0.16640625   1.64138374009
0.1665625   1.20571868588
0.16671875   0.679750162577
0.166875   0.150381287472
0.16703125   -0.299750504739
0.1671875   -0.60740422113
0.16734375   -0.739972944375
0.1675   -0.700707430839
0.16765625   -0.526965985646
0.1678125   -0.281874135549
0.16796875   -0.0410445595924
0.168125   0.123044945255
0.16828125   0.155971702023
0.1684375   0.0326833903329
0.16859375   -0.23699541275
0.16875   -0.609745607263
0.16890625   -1.01677400862
0.1690625   -1.3769384368
0.16921875   -1.61245659765
0.169375   -1.66417529412
0.16953125   -1.50345518496
0.1696875   -1.13837096826
0.16984375   -0.613013486435
0.17   4.83138456124e-15
0.17015625   0.612401695886
0.1703125   1.13609989906
0.17046875   1.49895829189
0.170625   1.65754176607
0.17078125   1.60442635506
0.1709375   1.36871370111
0.17109375   1.00969186661
0.17125   0.604894205635
0.17140625   0.234875110144
0.1715625   -0.0323586548381
0.17171875   -0.154267861878
0.171875   -0.121579318145
0.17203125   0.0405151815048
0.1721875   0.27796087073
0.17234375   0.519131342682
0.1725   0.689600555718
0.17265625   0.727516612091
0.1728125   0.596583246077
0.17296875   0.294116454779
0.173125   -0.14740741411
0.17328125   -0.665642365015
0.1734375   -1.17951564917
0.17359375   -1.60410908061
0.17375   -1.86644389203
0.17390625   -1.91915737477
0.1740625   -1.74946043055
0.17421875   -1.38166635623
0.174375   -0.872809288277
0.17453125   -0.302189811204
0.1746875   0.243157804588
0.17484375   0.684309053571
0.175   0.964593836923
0.17515625   1.05936783001
0.1753125   0.97958265244
0.17546875   0.768521563338
0.175625   0.492380206017
0.17578125   0.226550652452
0.1759375   0.0402856060322
0.17609375   -0.0172783805765
0.17625   0.0729685745208
0.17640625   0.296180731516
0.1765625   0.606365527525
0.17671875   0.935383425238
0.176875   1.2063961735
0.17703125   1.34916160547
0.1771875   1.31421529529
0.17734375   1.08319118082
0.1775   0.673273289789
0.17765625   0.134896233515
0.1778125   -0.456893413975
0.17796875   -1.01578804459
0.178125   -1.45975353144
0.17828125   -1.72580208589
0.1784375   -1.78120626113
0.17859375   -1.62904023796
0.17875   -1.30702118402
0.17890625   -0.879904352032
0.1790625   -0.426914697942
0.17921875   -0.0266395949774
0.179375   0.257718256684
0.17953125   0.389911273011
0.1796875   0.366846925201
0.17984375   0.218265025624
0.18   3.03325451658e-14
0.18015625   -0.217828816254
0.1803125   -0.365382078661
0.18046875   -0.38757818429
0.180625   -0.255664178898
0.18078125   0.0263744536801
0.1809375   0.421820911889
0.18109375   0.867668027782
0.18125   1.28626919385
0.18140625   1.59997113249
0.1815625   1.74592514596
0.18171875   1.68823711589
0.181875   1.42512516791
0.18203125   0.989709101496
0.1821875   0.444273414022
0.18234375   -0.130907996896
0.1825   -0.652061605889
0.18265625   -1.04696752414
0.1828125   -1.26772607347
0.18296875   -1.29883398958
0.183125   -1.15907180968
0.18328125   -0.896893206263
0.1834375   -0.580251388976
0.18359375   -0.282858383254
0.18375   -0.0695470363036
0.18390625   0.0164352477429
0.1840625   -0.0382431374141
0.18421875   -0.214634366186
0.184375   -0.465548351949
0.18453125   -0.725187755113
0.1846875   -0.922498390322
0.18484375   -0.995637775663
0.185   -0.904750948015
0.18515625   -0.640570229586
0.1853125   -0.227160334636
0.18546875   0.281743458917
0.185625   0.812125295137
0.18578125   1.28302886524
0.1859375   1.62131292533
0.18609375   1.77501772554
0.18625   1.72280583307
0.18640625   1.47769391251
0.1865625   1.08438471393
0.18671875   0.610730522595
0.186875   0.134976102742
0.18703125   -0.268773012097
0.1871875   -0.544084130409
0.18734375   -0.662165391805
0.1875   -0.626396915878
0.18765625   -0.47060613601
0.1878125   -0.251473488563
0.18796875   -0.0365809027035
0.188125   0.109553005131
0.18828125   0.138729201887
0.1884375   0.0290409349272
0.18859375   -0.210370435579
0.18875   -0.540697765839
0.18890625   -0.900723126338
0.1890625   -1.21854686404
0.18921875   -1.42553023744
0.189375   -1.46976536072
0.18953125   -1.32647726524
0.1896875   -1.00335211209
0.18984375   -0.539758720144
0.19   -1.69571231463e-14
0.19015625   0.538128158358
0.1903125   0.997299189767
0.19046875   1.31449199896
0.190625   1.45208544267
0.19078125   1.40412771049
0.1909375   1.19662592247
0.19109375   0.881847433137
0.19125   0.527767522729
0.19140625   0.204719261992
0.1915625   -0.0281754249883
0.19171875   -0.134187979186
0.191875   -0.105646672188
0.19203125   0.0351699459662
0.1921875   0.241043373394
0.19234375   0.44972417111
0.1925   0.596793182471
0.19265625   0.628964680954
0.1928125   0.515242065296
0.19296875   0.253755998688
0.193125   -0.127049475764
0.19328125   -0.573127011032
0.1934375   -1.01454150245
0.19359375   -1.37833889381
0.19375   -1.6021119874
0.19390625   -1.64567529521
0.1940625   -1.49862552279
0.19421875   -1.18235375018
0.194375   -0.746137157099
0.19453125   -0.258067902033
0.1946875   0.207442175398
0.19484375   0.583197435045
0.195   0.821224844989
0.19515625   0.900986859047
0.1953125   0.832274600905
0.19546875   0.652281845476
0.195625   0.417477712297
0.19578125   0.191889538356
0.1959375   0.0340870131599
0.19609375   -0.0146047774029
0.19625   0.0616141441189
0.19640625   0.249835300069
0.1965625   0.510956271722
0.19671875   0.787391858509
0.196875   1.01447887096
0.19703125   1.13336192619
0.1971875   1.1028654631
0.19734375   0.90805528602
0.1975   0.563831711077
0.19765625   0.112851842107
0.1978125   -0.381833669381
0.19796875   -0.848032880289
0.198125   -1.21741647581
0.19828125   -1.43780652417
0.1984375   -1.4824268274
0.19859375   -1.35437905131
0.19875   -1.08552586411
0.19890625   -0.730032030934
0.1990625   -0.353831280964
0.19921875   -0.0220562242261
0.199375   0.213155691009
0.19953125   0.322155461344
0.1996875   0.302783573299
0.19984375   0.179961273217
0.2   2.04400685549e-14
0.20015625   -0.179227426914
0.2003125   -0.300319221984
0.20046875   -0.318230436939
0.200625   -0.209700048113
0.20078125   0.0216101671255
0.2009375   0.345261787805
0.20109375   0.709446265675
0.20125   1.05061362993
0.20140625   1.30547423265
0.2015625   1.42307082657
0.20171875   1.37460785045
0.201875   1.15915791893
0.20203125   0.804157507016
0.2021875   0.360601541514
0.20234375   -0.106141901728
0.2025   -0.52814416266
0.20265625   -0.847110307552
0.2028125   -1.02464826887
0.20296875   -1.04868582006
0.203125   -0.934854847868
0.20328125   -0.722630675564
0.2034375   -0.46701775408
0.20359375   -0.227419407708
0.20375   -0.0558570617184
0.20390625   0.0131861018011
0.2040625   -0.030650256483
0.20421875   -0.171838315555
0.204375   -0.372327748339
0.20453125   -0.579362859769
0.2046875   -0.736215738607
0.20484375   -0.793742892511
0.205   -0.720520337252
0.20515625   -0.509591727777
0.2053125   -0.180520383213
0.20546875   0.223658507735
0.205625   0.6440093254
0.20578125   1.01634881557
0.2059375   1.28295121856
0.20609375   1.40308064031
0.20625   1.36035609944
0.20640625   1.16556578799
0.2065625   0.85442002988
0.20671875   0.480698844941
0.206875   0.106124448853
0.20703125   -0.211095522422
0.2071875   -0.426868304667
0.20734375   -0.518953568285
0.2075   -0.490394389266
0.20765625   -0.368033208727
0.2078125   -0.196451274756
0.20796875   -0.0285463091343
0.208125   0.0853989283412
0.20828125   0.108025993513
0.2084375   0.0225893068798
0.20859375   -0.163458918508
0.20875   -0.419671777757
0.20890625   -0.698356930042
0.2090625   -0.943754383893
0.20921875   -1.10286780165
0.209375   -1.13586044093
0.20953125   -1.02401515311
0.2096875   -0.773729594087
0.20984375   -0.415780802093
0.21   -6.72258486595e-14
0.21015625   0.413625501789
0.2103125   0.765728743602
0.21046875   1.00817280273
0.210625   1.11249072698
0.21078125   1.07457735706
0.2109375   0.914778556572
0.21109375   0.673406282594
0.21125   0.402579961358
0.21140625   0.155988874779
0.2115625   -0.0214452177142
0.21171875   -0.102023049676
0.211875   -0.0802351837653
0.21203125   0.02668116002
0.2121875   0.182663515905
0.21234375   0.340428637849
0.2125   0.451259731825
0.21265625   0.475063303879
0.2128125   0.388739492136
0.21296875   0.191242942303
0.213125   -0.0956452369783
0.21328125   -0.430985181907
0.2134375   -0.762082325624
0.21359375   -1.03420899337
0.21375   -1.20078432711
0.21390625   -1.23207102869
0.2140625   -1.12073719901
0.21421875   -0.883236018573
0.214375   -0.556757773724
0.21453125   -0.192353238102
0.2146875   0.154447207815
0.21484375   0.433726245624
0.215   0.610068880194
0.21515625   0.668577168376
0.2153125   0.616901199297
0.21546875   0.482947305619
0.215625   0.308754166015
0.21578125   0.141757320225
0.2159375   0.0251534406323
0.21609375   -0.0107650792854
0.21625   0.0453645007181
0.21640625   0.18373949726
0.2165625   0.375357453708
0.21671875   0.577782516632
0.216875   0.743580899018
0.21703125   0.829784188648
0.2171875   0.806547524726
0.21734375   0.663330821473
0.2175   0.41141243375
0.21765625   0.0822519424128
0.2178125   -0.277984698366
0.21796875   -0.61669167129
0.218125   -0.884306564963
0.21828125   -1.04321053632
0.2184375   -1.07436580562
0.21859375   -0.980451443413
0.21875   -0.784932914931
0.21890625   -0.527278828645
0.2190625   -0.255270273389
0.21921875   -0.0158942607449
0.219375   0.153430177447
0.21953125   0.231624014484
0.2196875   0.217447373864
0.21984375   0.129093454318
0.22   -4.34276840548e-15
0.22015625   -0.12827288219
0.2203125   -0.214691781464
0.22046875   -0.227235112339
0.220625   -0.149566115832
0.22078125   0.0153954821987
0.2209375   0.245687857027
0.22109375   0.504259641618
0.22125   0.745893424238
0.22140625   0.925764687472
0.2215625   1.0079915567
0.22171875   0.972538451628
0.221875   0.819157965692
0.22203125   0.567626640246
0.2221875   0.254240848368
0.22234375   -0.0747481101557
0.2225   -0.37150181331
0.22265625   -0.595172721885
0.2228125   -0.71907130032
0.22296875   -0.73508257059
0.223125   -0.654527636735
0.22328125   -0.505350569976
0.2234375   -0.326213405901
0.22359375   -0.158667313172
0.22375   -0.0389250375351
0.22390625   0.00917820736795
0.2240625   -0.0213091201309
0.22421875   -0.119327584047
0.224375   -0.258246920651
0.22453125   -0.401373572298
0.2246875   -0.509437675947
0.22484375   -0.548596605556
0.225   -0.497400565177
0.22515625   -0.351373190851
0.2253125   -0.124324916927
0.22546875   0.153851765677
0.225625   0.442480156813
0.22578125   0.697474698876
0.2259375   0.879385481089
0.22609375   0.960582559549
0.22625   0.930222909202
0.22640625   0.796073210974
0.2265625   0.582866196816
0.22671875   0.327530078768
0.226875   0.0722226885224
0.22703125   -0.143488383931
0.2271875   -0.289808137431
0.22734375   -0.351903457836
0.2275   -0.332137803114
0.22765625   -0.248964270427
0.2278125   -0.132733785942
0.22796875   -0.0192642728128
0.228125   0.0575612887581
0.22828125   0.0727245755566
0.2284375   0.0151890311172
0.22859375   -0.109776511997
0.22875   -0.281503376065
0.22890625   -0.467868407737
0.2290625   -0.631505413137
0.22921875   -0.737076836532
0.229375   -0.758201912213
0.22953125   -0.682709996479
0.2296875   -0.515214935664
0.22984375   -0.276523727619
0.23   3.25253484396e-14
0.23015625   0.274416905569
0.2303125   0.507394028132
0.23046875   0.667223892758
0.230625   0.735357598256
0.23078125   0.709422242234
0.2309375   0.603180617814
0.23109375   0.443478127354
0.23125   0.26479524586
0.23140625   0.102474071005
0.2315625   -0.0140705962792
0.23171875   -0.0668561497783
0.231875   -0.0525131738551
0.23203125   0.0174408566373
0.2321875   0.119254269589
0.23234375   0.221976274327
0.2325   0.293876407798
0.23265625   0.30899156078
0.2328125   0.252528329307
0.23296875   0.124077342419
0.233125   -0.0619762576103
0.23328125   -0.27891930945
0.2334375   -0.492574220448
0.23359375   -0.667622472153
0.23375   -0.774176157677
0.23390625   -0.793344775327
0.2340625   -0.72074350458
0.23421875   -0.567288184735
0.234375   -0.357143341089
0.23453125   -0.123232242083
0.2346875   0.0988218016203
0.23484375   0.277163182629
0.235   0.389354419854
0.23515625   0.426150934238
0.2353125   0.392710439713
0.23546875   0.307044107337
0.235625   0.196045685228
0.23578125   0.0898944026449
0.2359375   0.0159303932443
0.23609375   -0.00680906556823
0.23625   0.0286567440501
0.23640625   0.11591853811
0.2365625   0.236501724058
0.23671875   0.363573136355
0.236875   0.467296969221
0.23703125   0.520794589943
0.2371875   0.505553426806
0.23734375   0.415242955133
0.2375   0.25720755332
0.23765625   0.0513553723969
0.2378125   -0.17333777869
0.23796875   -0.384036260503
0.238125   -0.549968739234
0.23828125   -0.647943765335
0.2384375   -0.666418290476
0.23859375   -0.607364469036
0.23875   -0.485605470136
0.23890625   -0.325775389759
0.2390625   -0.157508596147
0.23921875   -0.00979421407737
0.239375   0.0944200981985
0.23953125   0.142351091505
0.2396875   0.133460912991
0.23984375   0.0791272368483
0.24   1.46103464891e-14
0.24015625   -0.0784147497437
0.2403125   -0.131068278071
0.24046875   -0.138540263258
0.240625   -0.0910649605087
0.24078125   0.00936112452761
0.2409375   0.149188096257
0.24109375   0.30578737721
0.24125   0.451706240191
0.24140625   0.559877470939
0.2415625   0.608781492218
0.24171875   0.586573696461
0.241875   0.493393932514
0.24203125   0.341427375485
0.2421875   0.152717708716
0.24234375   -0.0448385809568
0.2425   -0.222545706222
0.24265625   -0.35604672898
0.2428125   -0.429576677129
0.24296875   -0.438539455008
0.243125   -0.38994503106
0.24328125   -0.300656126063
0.2434375   -0.193811719046
0.24359375   -0.0941381498836
0.24375   -0.0230624912508
0.24390625   0.00543041539612
0.2440625   -0.012590347763
0.24421875   -0.0704059053501
0.244375   -0.15215927361
0.24453125   -0.236159859434
0.2446875   -0.299323899341
0.24484375   -0.321881089557
0.245   -0.291433596193
0.24515625   -0.205585241084
0.2453125   -0.0726390956716
0.24546875   0.0897640915586
0.245625   0.257798755928
0.24578125   0.405789953854
0.2459375   0.510901156311
0.24609375   0.557283255462
0.24625   0.538903450904
0.24640625   0.460530617284
0.2465625   0.336709101585
0.24671875   0.188936810785
0.246875   0.0416023013683
0.24703125   -0.0825349070257
0.2471875   -0.166459127065
0.24734375   -0.201834580948
0.2475   -0.190223532459
0.24765625   -0.142382209088
0.2478125   -0.0758004570064
0.24796875   -0.0109853390902
0.248125   0.0327763598665
0.24828125   0.041350390986
0.2484375   0.00862373805572
0.24859375   -0.0622358763914
0.24875   -0.159360145712
0.24890625   -0.264474243743
0.2490625   -0.356450403083
0.24921875   -0.415428201408
0.249375   -0.426705332198
0.24953125   -0.383652678463
0.2496875   -0.289099927913
0.24984375   -0.154934555011
0.25   -8.97205295852e-15
0.25015625   0.153297741905
0.2503125   0.28302375741
0.25046875   0.371621239605
0.250625   0.40895701548
0.25078125   0.393942426174
0.2509375   0.3344436361
0.25109375   0.245524077382
0.25125   0.146378435933
0.25140625   0.0565619858556
0.2515625   -0.0077547106435
0.25171875   -0.0367904907661
0.251875   -0.0288537516863
0.25203125   0.00956842174512
0.2521875   0.0653256246844
0.25234375   0.121409308176
0.2525   0.160488747164
0.25265625   0.168484346258
0.2528125   0.137484819525
0.25296875   0.0674477471611
0.253125   -0.03363792883
0.25328125   -0.15115064897
0.2534375   -0.266519654745
0.25359375   -0.360672659311
0.25375   -0.417585446238
0.25390625   -0.427257189713
0.2540625   -0.38755072902
0.25421875   -0.304558351436
0.254375   -0.19143741535
0.25453125   -0.0659514931336
0.2546875   0.0528040926091
0.25484375   0.147864322714
0.255   0.207388421994
0.25515625   0.22662763651
0.2553125   0.208511674102
0.25546875   0.162766740433
0.255625   0.103759439044
0.25578125   0.0475014482887
0.2559375   0.00840432824247
0.25609375   -0.00358644982819
0.25625   0.0150696524532
0.25640625   0.0608592839837
0.2565625   0.123966459474
0.25671875   0.190263726356
0.256875   0.244146144674
0.25703125   0.271652948958
0.2571875   0.263271846211
0.25734375   0.215887436668
0.2575   0.133504183523
0.25765625   0.0266122388108
0.2578125   -0.0896750089403
0.25796875   -0.198349630054
0.258125   -0.283580526152
0.25828125   -0.333544063551
0.2584375   -0.34248263817
0.25859375   -0.311612610648
0.25875   -0.248726139927
0.25890625   -0.166581421195
0.2590625   -0.0804046528534
0.25921875   -0.00499129605849
0.259375   0.048036701474
0.25953125   0.0722990656282
0.2596875   0.0676686129518
0.25984375   0.0400514844231
0.26   6.37570890071e-15
0.26015625   -0.0395552004894
0.2603125   -0.0660020119373
0.26046875   -0.0696445950861
0.260625   -0.0456996216668
0.26078125   0.00468961579936
0.2609375   0.074608685494
0.26109375   0.152657717248
0.26125   0.225111301072
0.26140625   0.278531415807
0.2615625   0.302329548702
0.26171875   0.290788788158
0.261875   0.244164622725
0.26203125   0.168662705084
0.2621875   0.0753077755025
0.26234375   -0.0220713995005
0.2625   -0.109350985608
0.26265625   -0.174636015627
0.2628125   -0.210323928304
0.26296875   -0.214326398857
0.263125   -0.190233588199
0.26328125   -0.146409235959
0.2634375   -0.0942086616766
0.26359375   -0.0456758461233
0.26375   -0.011169533708
0.26390625   0.00262523073589
0.2640625   -0.00607540818825
0.26421875   -0.0339115637367
0.264375   -0.0731536187931
0.26453125   -0.113328666131
0.2646875   -0.143373545527
0.26484375   -0.153891501885
0.265   -0.139074633653
0.26515625   -0.0979235041656
0.2653125   -0.0345342234184
0.26546875   0.0425954967939
0.265625   0.122101544045
0.26578125   0.191830831156
0.2659375   0.241061718839
0.26609375   0.262445450618
0.26625   0.253304634057
0.26640625   0.216051455789
0.2665625   0.157658519126
0.26671875   0.0882958768768
0.266875   0.0194043809284
0.26703125   -0.0384216496467
0.2671875   -0.0773391062254
0.26734375   -0.0935917514533
0.2675   -0.0880347111735
0.26765625   -0.0657643226324
0.2678125   -0.0349420649142
0.26796875   -0.00505393319752
0.268125   0.0150491919905
0.26828125   0.0189480986682
0.2684375   0.00394377584213
0.26859375   -0.0284043721139
0.26875   -0.07258533131
0.26890625   -0.120219331192
0.2690625   -0.161699546701
0.26921875   -0.188070812012
0.269375   -0.192781858341
0.26953125   -0.172976021354
0.2696875   -0.130077478443
0.26984375   -0.0695673923301
0.27   2.71906367656e-15
0.27015625   0.068547284214
0.2703125   0.126290615559
0.27046875   0.165477573167
0.270625   0.18172028574
0.27078125   0.174679649251
0.2709375   0.147983380446
0.27109375   0.108407956789
0.27125   0.0644937780537
0.27140625   0.0248676965346
0.2715625   -0.00340206978258
0.27171875   -0.0161055809449
0.271875   -0.0126038361133
0.27203125   0.00417058356042
0.2721875   0.0284113932565
0.27234375   0.0526877599285
0.2725   0.0694940207521
0.27265625   0.0727953753589
0.2728125   0.0592702284912
0.27296875   0.0290123646605
0.273125   -0.0144369323079
0.27328125   -0.0647264536762
0.2734375   -0.113873653668
0.27359375   -0.153753675392
0.27375   -0.177611844502
0.27390625   -0.181311859536
0.2740625   -0.164086022955
0.27421875   -0.128651732088
0.274375   -0.0806807441921
0.27453125   -0.0277307405517
0.2746875   0.022151031382
0.27484375   0.0618835227701
0.275   0.0865918631175
0.27515625   0.0944021825519
0.2753125   0.0866506304119
0.27546875   0.0674799506289
0.275625   0.0429140941783
0.27578125   0.0195991795544
0.2759375   0.00345929951471
0.27609375   -0.00147264953804
0.27625   0.0061728068274
0.27640625   0.0248683151321
0.2765625   0.050531130583
0.27671875   0.077364421013
0.276875   0.0990286219057
0.27703125   0.109912209854
0.2771875   0.106255544587
0.27734375   0.0869130882463
0.2775   0.0536115329751
0.27765625   0.0106597042594
0.2778125   -0.0358286434624
0.27796875   -0.0790460673119
0.278125   -0.112722315237
0.27828125   -0.132240951202
0.2784375   -0.135433197777
0.27859375   -0.122905108082
0.27875   -0.0978451099552
0.27890625   -0.0653584037874
0.2790625   -0.0314635384871
0.27921875   -0.00194798445639
0.279375   0.018697576216
0.27953125   0.0280658975203
0.2796875   0.0261976125497
0.27984375   0.0154637654618
0.28   2.06723375271e-15
0.28015625   -0.0151889017381
0.2803125   -0.0252745695277
0.28046875   -0.0265957078582
0.280625   -0.0174031532454
0.28078125   0.00178089123385
0.2809375   0.0282532119567
0.28109375   0.0576459699499
0.28125   0.0847642254742
0.28140625   0.104579819487
0.2815625   0.113189439269
0.28171875   0.108554470469
0.281875   0.0908846603349
0.28203125   0.0625975988874
0.2821875   0.0278677614025
0.28234375   -0.00814345292022
0.2825   -0.0402263466545
0.28265625   -0.0640506450131
0.2828125   -0.0769082137938
0.28296875   -0.0781351604888
0.283125   -0.0691412467587
0.28328125   -0.0530505533581
0.2834375   -0.0340310927065
0.28359375   -0.0164485402024
0.28375   -0.00400980718438
0.28390625   0.000939497229247
0.2840625   -0.00216737895798
0.28421875   -0.0120595267084
0.284375   -0.0259318144653
0.28453125   -0.0400445109899
0.2846875   -0.0504974846945
0.28484375   -0.0540261639927
0.285   -0.0486650700528
0.28515625   -0.0341528820227
0.2853125   -0.0120047197634
0.28546875   0.0147577028875
0.285625   0.0421618519906
0.28578125   0.0660162678434
0.2859375   0.0826771148119
0.28609375   0.0897038249862
0.28625   0.0862819831078
0.28640625   0.0733380478797
0.2865625   0.0533303855683
0.28671875   0.0297627237012
0.286875   0.0065177351985
0.28703125   -0.0128595913601
0.2871875   -0.0257925322048
0.28734375   -0.0311003567964
0.2875   -0.0291476707524
0.28765625   -0.0216945868344
0.2878125   -0.0114844335434
0.28796875   -0.00165492836965
0.288125   0.00490953246632
0.28828125   0.006158263186
0.2884375   0.00127690542491
0.28859375   -0.00916164992291
0.28875   -0.0233220798424
0.28890625   -0.0384778145291
0.2890625   -0.0515525507684
0.28921875   -0.0597249016497
0.289375   -0.0609789777766
0.28953125   -0.0544962832877
0.2896875   -0.0408166146453
0.28984375   -0.0217410839276
0.29   -2.94275237148e-15
0.29015625   0.021247423628
0.2903125   0.0389840251973
0.29046875   0.0508674835721
0.290625   0.0556257357199
0.29078125   0.0532440944876
0.2909375   0.044914252624
0.29109375   0.0327611849642
0.29125   0.0194056575758
0.29140625   0.00744977025444
0.2915625   -0.00101468622027
0.29171875   -0.00478222917157
0.291875   -0.00372568530007
0.29203125   0.00122725109646
0.2921875   0.00832234703925
0.29234375   0.0153625381467
0.2925   0.0201689662109
0.29265625   0.0210283744007
0.2928125   0.0170406719871
0.29296875   0.00830163572946
0.293125   -0.00411119285157
0.29328125   -0.0183429340006
0.2934375   -0.032113356575
0.29359375   -0.0431463949569
0.29375   -0.0495939052399
0.29390625   -0.0503733093305
0.2940625   -0.0453569616838
0.29421875   -0.035380665151
0.294375   -0.0220738362871
0.29453125   -0.00754755361782
0.2946875   0.0059972814274
0.29484375   0.016665940354
0.295   0.0231955370703
0.29515625   0.0251512642358
0.2953125   0.0229602953096
0.29546875   0.0177822049387
0.295625   0.0112458605826
0.29578125   0.00510727121581
0.2959375   0.000896341453082
0.29609375   -0.000379397625605
0.29625   0.00158111321452
0.29640625   0.00633266473796
0.2965625   0.0127918496735
0.29671875   0.0194681066758
0.296875   0.0247699277681
0.29703125   0.0273252733954
0.2971875   0.0262541091227
0.29734375   0.0213417502706
0.2975   0.0130819900716
0.29765625   0.00258465483009
0.2978125   -0.00863177534361
0.29796875   -0.0189204922893
0.298125   -0.0268048859915
0.29828125   -0.0312385508555
0.2984375   -0.0317789312016
0.29859375   -0.0286444930443
0.29875   -0.0226482479964
0.29890625   -0.0150240778278
0.2990625   -0.00718209022691
0.29921875   -0.000441520689109
0.299375   0.00420763331993
0.29953125   0.00627021697297
0.2996875   0.00581004890282
0.29984375   0.00340416377282
0.3   1.18577463363e-15
0.30015625   -0.00329352495067
0.3003125   -0.00543850009878
0.30046875   -0.00567841878308
0.300625   -0.00368657617019
0.30078125   0.000374257198723
0.3009375   0.00588972958179
0.30109375   0.0119192147414
0.30125   0.0173819293626
0.30140625   0.0212664294307
0.3015625   0.0228227303436
0.30171875   0.0217008696592
0.301875   0.0180110695441
0.30203125   0.0122963672345
0.3021875   0.00542551762051
0.30234375   -0.0015711450162
0.3025   -0.00769014285555
0.30265625   -0.0121313707137
0.3028125   -0.0144300188567
0.30296875   -0.0145208670813
0.303125   -0.0127255905581
0.30328125   -0.00966867401228
0.3034375   -0.0061408630303
0.30359375   -0.00293830115428
0.30375   -0.000708998617218
0.30390625   0.000164401755679
0.3040625   -0.000375292141743
0.30421875   -0.00206595878649
0.304375   -0.00439453168319
0.30453125   -0.00671182936345
0.3046875   -0.00836978146304
0.30484375   -0.00885363229941
0.305   -0.00788374214629
0.30515625   -0.00546843453089
0.3053125   -0.00189945615287
0.30546875   0.00230704791056
0.305625   0.00651081141017
0.30578125   0.0100683629745
0.3059375   0.0124508316064
0.30609375   0.0133364301214
0.30625   0.0126611288885
0.30640625   0.0106196696519
0.3065625   0.00761884070072
0.30671875   0.00419391768924
0.306875   0.000905680155131
0.30703125   -0.00176169719059
0.3071875   -0.00348270075719
0.30734375   -0.00413804054647
0.3075   -0.00382055432371
0.30765625   -0.00280059142799
0.3078125   -0.00145969826702
0.30796875   -0.000207044459228
0.308125   0.000604404264387
0.30828125   0.000745790483761
0.3084375   0.000152073230246
0.30859375   -0.00107266287009
0.30875   -0.00268353996938
0.30890625   -0.00434964287748
0.3090625   -0.00572324335306
0.30921875   -0.00650935303434
0.309375   -0.00652212544026
0.30953125   -0.00571785829561
0.3096875   -0.00419938966391
0.30984375   -0.00219246322789
0.31   -8.3505959983e-17
0.31015625   0.00205586091424
0.3103125   0.00369228408315
0.31046875   0.00471370087986
0.310625   0.00504075555638
0.31078125   0.00471591740401
0.3109375   0.00388617317246
0.31109375   0.00276758059106
0.31125   0.00159963850467
0.31140625   0.000598865634789
0.3115625   -7.94952280885e-05
0.31171875   -0.000364906127616
0.311875   -0.000276697593062
0.31203125   8.86493624874e-05
0.3121875   0.000584268294112
0.31234375   0.00104742054395
0.3125   0.00133439911366
0.31265625   0.00134892644999
0.3128125   0.00105893486902
0.31296875   0.000499283870316
0.313125   -0.000239075467442
0.31328125   -0.00103033974468
0.3134375   -0.00174052679737
0.31359375   -0.00225391632907
0.31375   -0.00249407164762
0.31390625   -0.00243573293649
0.3140625   -0.00210597314858
0.31421875   -0.00157526301043
0.314375   -0.000941036005937
0.31453125   -0.000307610119907
0.3146875   0.000233290747187
0.31484375   0.000617672690058
0.315   0.000817532548891
0.31515625   0.000841324991718
0.3153125   0.000727369685356
0.31546875   0.000532280006964
0.315625   0.000317287068815
0.31578125   0.000135456174991
0.3159375   2.22836108126e-05
0.31609375   -8.813660881e-06
0.31625   3.42061224653e-05
0.31640625   0.000127116608533
0.3165625   0.000237283413095
0.31671875   0.000332234277604
0.316875   0.000386989121224
0.31703125   0.000388708248518
0.3171875   0.000337985950343
0.31734375   0.000246947839721
0.3175   0.00013501010314
0.31765625   2.35823363992e-05
0.3178125   -6.89251095049e-05
0.31796875   -0.000130675069278
0.318125   -0.000157924570818
0.31828125   -0.000154432892613
0.3184375   -0.000129216636602
0.31859375   -9.34561187271e-05
0.31875   -5.74589636192e-05
0.31890625   -2.84450400507e-05
0.3190625   -9.59280412358e-06
0.31921875   -3.83454922557e-07
0.319375   2.08863738671e-06
0.31953125   1.40577609529e-06
0.3196875   3.30976116173e-07
0.31984375   -3.22609677048e-18
